2123.6
2160.8
2204.1
2208.7
2229.9
2232.4
2247
2320.5
2363.4
2382
2366.1
2328.9
2318.8
2321.7
2347.9
2396.4
2465.3
2505.5
2539
2553.4
2543.7
2563.4
2560.6
2599.9
2618.7
2613.8
2637.9
2606.3
2536.6
2552.4
2611.2
2671.5
2725.1
2793.6
2791.5
2802.2
2864
2851.1
2856.5
2821.2
2839
2890.6
2937.5
2997.3
3050.5
3086
3114.6
3125.4
3164.7
3203.2
3263.5
3288.9
3364.4
3401.6
3448.3
3455.9
3543.6
3592.2
3662.4
3747.6
3839.9
3852.6
3877.2
3909.5
3943.4
3943.5
3977.4
4006.7
4089.4
4158.9
4188.1
4205.9
4271.7
4283
4308.6
4288.5
4282.5
4291.2
4328.7
4280.7
4402.9
4429.4
4461.4
4475.3
4556.1
4662.9
4710
4786.8
4913.7
4972.8
4953.7
5000.8
4966.3
4975.6
4921.9
4895.5
4829.3
4866.2
4950.6
5022.6
5134.3
5174.4
5200
5238.6
5306.1
5409.2
5504.3
5496.9
5523.4
5728.7
5788.8
5872.6
5883.8
5896.8
5952.3
5967.8
5988.3
5860.9
5845.6
5938.6
6064.8
6013.2
6089.3
6022.1
5920.6
5960.6
5926.3
5928.6
6000.8
6138.3
6259.3
6389.9
6507.2
6618.8
6681.9
6728.7
6780
6840
6937.6
6994.5
7055.9
7073
7144.3
7168.5
7210.9
7293.5
7355.6
7483.8
7530.3
7623.1
7658.6
7763.7
7835.6
7892.6
7957.7
7983.3
8063.5
8096.6
8089.6
8050.1
7994.7
8033.4
8062.6
8104.4
8192.3
8278.3
8359.1
8447.8
8472.8
8518
8570.1
8663
8755.9
8870
8924
9022.1
9056.1
9078.7
9137.3
9214.6
9285
9434.1
9511.9
9621.4
9685
9837.4
9951.3
10019.8
10124.7
10212.5
10331.5
10512.2
10619
10707.5
10839.7
11045.6
11069.2
11288.1
11292.8
11386.8
11333.9
11416.9
11360.3
11468.8
11523.3
11564.5
11638.7
11661.7
11694.9
11808.1
12000.8
12136
12234
12285.1
12386.7
12460.7
12623.4
12667.7
12776.9
12812.4
12974.7
13021.6
13009.6
13107.3
13122.6
13248.4
13405.8
13511
13431.7
13476.6
13367.4
12991.9
12785.6
12770.7
12844.9
12971.6
13092.9
13238.4
13328.9
13383.9
